0 0.0 0
0 1 0
0 1 0
1 0.0 0
1 1 0
1 0.25 0
2 0.0 0
2 1 0
2 1 0
3 0.0 0
3 1 0
3 1 0
4 0.0 0
4 1 0
4 1 0
5 0.0 0
5 1 0
5 1 0
6 0.0 0
6 1 0
6 1 0
7 0.0 0
7 1 0
7 1 0
8 0.0 0
8 1 0
8 1 0
9 0.0 0
9 1 0
9 1 0
10 0.0 0
10 1 0
10 1 0
11 0.0 0
11 1 0
11 1 0
12 0.0 0
12 1 0
12 1 0
13 0.0 0
13 0.956134 0
13 1 0
13 1 0
14 0.0 0
14 0.892392 0
14 1 0
14 1 0
15 0.0 0
15 0.836617 0
15 1 0
15 1 0
16 0.0 0
16 0.787404 0
16 1 0
16 0.5 0
17 0.0 0
17 0.74366 0
17 1 0
17 1 0
18 0.0 0
18 0.70452 0
18 1 0
18 0.015625 0
19 0.0 0
19 0.669294 0
19 1 0
19 0.03125 0
20 0.0 0
20 0.637423 0
20 1 0
20 1 0
21 0.0 0
21 0.608449 0
21 1 0
21 1 0
22 0.0 0
22 0.581995 0
22 1 0
22 1 0
23 0.0 0
23 0.557745 0
23 1 0
23 1 0
24 0.0 0
24 0.535435 0
24 1 0
24 1 0
25 0.0 0
25 0.514841 0
25 1 0
25 1 0
26 0.0 0
26 0.495773 0
26 0.983234 0
26 0.617487 0
26 1 0
26 0.5 0
27 0.0 0
27 0.478067 0
27 0.915954 0
27 1 0
27 1 0
28 0.0 0
28 0.0622029 0
28 0.0193629 1
28 0.0157598 2
28 0.0182226 5
28 0.023421 8
28 0.0304161 15
28 0.0277639 20
28 0.0277423 22
28 0.0282216 28
28 0.0303898 31
28 0.0333428 34
28 0.039996 38
28 0.032968 41
28 0.0404933 44
28 0.0291371 50
28 0.0328217 52
28 0.0347402 55
28 0.0631496 61
28 0.0471235 65
28 0.0403438 68
28 0.0653956 76
28 0.0717191 83
28 0.0682779 86
28 0.0607674 91
28 0.0852684 94
28 0.0607667 98
28 0.0686107 104
28 0.0883285 106
28 0.0795837 111
28 0.133902 117
28 0.206954 123
28 0.146233 125
28 0.170461 131
28 0.298039 133
28 0.341627 138
28 0.587465 143
28 0.782592 151
28 0.810384 155
28 1 156
28 1 158
29 0.0 0
29 0.0483328 159
29 0.0387844 162
29 0.0521934 166
29 0.0455389 173
29 0.0565219 175
29 0.0689841 178
29 0.0738263 187
29 0.0691005 195
29 0.0573963 199
29 0.0570844 207
29 0.0692912 212
29 0.0712971 219
29 0.0946454 224
29 0.0866331 226
29 0.0871733 234
29 0.108684 238
29 0.145984 242
29 0.134794 248
29 0.175597 252
29 0.22142 257
29 0.327759 263
29 0.313773 273
29 0.562441 279
29 0.828329 285
29 1 286
29 0.5 288
29 0.579086 288
29 0.47297 288
29 0.5 288
29 0.594089 288
29 0.363799 288
29 0.25 288
29 0.399007 288
29 0.293432 288
29 0.125 288
29 0.25 288
29 0.0765434 288
29 1 288
30 0.0 0
30 0.101431 288
30 0.108793 291
30 0.124529 297
30 0.145404 300
30 0.136448 304
30 0.184423 308
30 0.193178 316
30 0.216606 322
30 0.26711 330
30 0.374883 336
30 0.585434 337
30 0.754324 342
30 1 348
30 0.5 349
30 0.5 349
30 0.25 349
30 0.25 349
30 0.25 349
30 0.25 349
30 0.25 349
30 0.125 349
30 0.125 349
30 0.125 349
30 0.125 349
30 0.0625 349
30 0.0820388 349
30 0.5 349
31 0.0 0
31 1 349
31 1 348
31 0.5 347
31 1 347
31 0.5 347
31 0.5 347
31 0.622122 347
31 0.25 347
31 0.323114 347
31 0.25 347
31 0.125 347
31 0.25 347
31 0.5 347
32 0.0 0
32 1 347
32 1 335
32 1 317
32 1 304
32 1 301
32 0.25 301
32 0.25 301
32 0.25 301
32 0.5 301
32 0.5 301
33 0.0 0
33 1 301
33 1 282
33 1 260
33 1 252
33 0.5 243
33 1 242
33 0.25 242
33 0.427436 242
33 0.330821 242
33 0.270293 242
33 0.25 242
33 0.219413 242
33 0.151411 242
33 0.0943667 242
33 1 242
34 0.0 0
34 1 242
34 1 224
34 1 202
34 1 188
34 0.5 183
34 0.5 182
34 0.520802 182
34 0.363297 182
34 0.357199 182
34 0.25 182
34 0.25 182
34 0.5 182
35 0.0 0
35 1 182
35 1 164
35 1 150
35 1 138
35 0.5 133
35 0.5 133
35 0.5 133
35 0.25 133
35 0.25 133
35 0.125 133
35 0.154875 133
35 0.141449 133
35 0.152831 133
35 0.154347 133
35 0.132596 133
35 0.0826845 133
35 0.0427005 133
35 1 133
36 0.0 0
36 1 133
36 1 122
36 1 109
36 1 97
36 0.5 94
36 0.262768 94
36 0.25 94
36 0.25 94
36 0.25 94
36 0.125 94
36 0.111699 94
36 0.5 94
37 0.0 0
37 1 94
37 1 83
37 1 68
37 1 60
37 0.5 58
37 0.5 57
37 0.5 55
37 0.266801 55
37 0.260307 55
37 0.33626 55
37 0.288818 55
37 0.164871 55
37 1 55
38 0.0 0
38 1 55
38 1 44
38 1 36
38 1 31
38 1 29
38 0.5 27
38 0.386283 27
38 0.25 27
39 0.0 0
39 1 27
39 1 14
39 1 5
39 1 2
39 0.5 0
39 0.5 0
39 0.5 0
39 0.429357 0
39 0.125 0
39 0.5 0
40 0.0 0
40 1 0
40 1 0
41 0.0 0
41 1 0
41 1 0
42 0.0 0
42 1 0
42 1 0
43 0.0 0
43 1 0
43 1 0
44 0.0 0
44 1 0
44 1 0
45 0.0 0
45 1 0
45 1 0
46 0.0 0
46 1 0
46 1 0
47 0.0 0
47 1 0
47 1 0
48 0.0 0
48 1 0
48 1 0
49 0.0 0
49 1 0
49 1 0
50 0.0 0
50 1 0
50 1 0
51 0.0 0
51 0.818089 0
51 0.449656 0
51 0.695164 1
51 0.729767 3
51 1 3
52 0.0 0
52 0.0694556 3
52 0.0842355 7
52 0.0870636 10
52 0.117773 15
52 0.192741 21
52 0.137262 23
52 0.177448 28
52 0.236162 31
52 0.396338 33
52 0.642411 38
52 1 41
52 1 44
53 0.0 0
53 0.160819 44
53 0.12938 51
53 0.18258 53
53 0.135611 58
53 0.240703 63
53 0.255584 66
53 0.376293 70
53 0.541363 79
53 1 83
53 1 86
53 0.300143 86
53 0.5 86
53 0.5 86
53 0.5 86
54 0.0 0
54 0.172443 86
54 0.145952 91
54 0.262321 94
54 0.223065 100
54 0.339607 107
54 0.433859 111
54 0.695737 118
54 1 123
54 1 123
54 1 123
54 0.5 123
54 0.5 123
55 0.0 0
55 0.27889 123
55 0.237017 129
55 0.50245 133
55 0.645277 141
55 1 146
55 1 152
55 1 153
56 0.0 0
56 0.278995 153
56 0.474725 158
56 0.758882 163
56 1 171
56 1 174
56 0.781565 174
56 0.5 174
56 0.25 174
56 0.5 174
57 0.0 0
57 1 174
57 0.70869 179
57 1 180
58 0.0 0
58 1 180
58 1 179
59 0.0 0
59 1 178
59 1 173
59 0.270979 171
59 0.5 171
60 0.0 0
60 1 171
60 1 160
60 0.600741 156
60 0.810996 156
60 0.25 154
60 0.405105 153
60 0.162273 153
60 0.122799 153
60 1 153
61 0.0 0
61 1 153
61 1 143
61 0.5 133
61 0.5 133
61 0.5 133
61 0.144827 133
61 0.25 133
61 0.5 133
62 0.0 0
62 1 133
62 1 123
62 0.5 122
62 0.889676 121
62 0.347015 120
62 0.5 120
62 0.258285 119
62 0.25 120
62 0.125 119
62 0.25 119
63 0.0 0
63 1 119
63 1 108
63 1 97
63 0.689958 95
63 1 94
64 0.0 0
64 1 94
64 1 88
64 0.5 83
64 0.635157 83
64 0.508597 83
64 0.393196 83
64 0.5 83
65 0.0 0
65 1 83
65 1 70
65 0.549725 66
65 1 65
65 1 65
66 0.0 0
66 1 65
66 1 57
66 1 53
66 0.570964 52
66 0.360341 52
66 0.5 52
67 0.0 0
67 1 52
67 1 47
67 0.517672 44
67 1 44
67 0.23464 44
67 0.25 44
68 0.0 0
68 1 44
68 0.819351 43
68 1 40
69 0.0 0
69 1 40
69 1 40
70 0.0 0
70 1 40
70 1 43
70 1 43
71 0.0 0
71 0.640741 43
71 1 47
71 1 51
71 1 51
72 0.0 0
72 0.451595 51
72 0.755318 56
72 1 61
72 1 63
73 0.0 0
73 0.484394 63
73 0.763112 68
73 1 73
73 0.478167 75
73 1 75
74 0.0 0
74 0.404744 75
74 0.621114 83
74 1 89
74 1 92
75 0.0 0
75 0.542199 92
75 0.87371 94
75 0.798772 99
75 1 103
75 1 104
75 0.437159 104
75 0.5 104
75 0.125 104
75 1 104
76 0.0 0
76 0.425999 104
76 0.702179 111
76 1 114
76 1 115
77 0.0 0
77 0.863578 115
77 1 122
77 1 123
77 0.430283 123
77 1 123
78 0.0 0
78 1 123
78 1 125
79 0.0 0
79 1 125
79 1 125
80 0.0 0
80 1 125
80 1 125
81 0.0 0
81 1 125
81 1 124
81 1 123
82 0.0 0
82 1 122
82 1 121
82 1 117
83 0.0 0
83 1 116
83 0.878393 114
83 1 113
84 0.0 0
84 1 112
84 1 106
84 1 101
85 0.0 0
85 1 100
85 1 94
85 1 93
86 0.0 0
86 1 93
86 0.645878 91
86 1 90
87 0.0 0
87 1 89
87 1 87
87 1 84
88 0.0 0
88 1 84
88 1 78
88 1 76
89 0.0 0
89 1 76
89 1 74
90 0.0 0
90 1 73
90 1 73
91 0.0 0
91 1 73
91 1 75
92 0.0 0
92 1 75
92 1 80
93 0.0 0
93 1 80
93 1 87
93 1 87
94 0.0 0
94 0.900733 87
94 1 90
94 1 90
95 0.0 0
95 1 90
95 1 93
96 0.0 0
96 1 93
96 1 99
97 0.0 0
97 1 99
97 1 105
98 0.0 0
98 1 105
98 1 110
99 0.0 0
99 1 110
99 1 111
100 0.0 0
100 1 111
100 1 111
101 0.0 0
101 1 111
101 1 111
102 0.0 0
102 1 111
102 1 110
103 0.0 0
103 1 110
103 1 108
103 1 107
104 0.0 0
104 1 107
104 1 104
104 1 104
105 0.0 0
105 1 104
105 1 102
105 1 101
106 0.0 0
106 1 100
106 1 96
106 1 95
107 0.0 0
107 1 95
107 1 93
107 1 92
108 0.0 0
108 1 92
108 1 91
109 0.0 0
109 1 91
109 1 90
110 0.0 0
110 1 90
110 1 90
111 0.0 0
111 1 90
111 1 88
112 0.0 0
112 1 88
112 1 90
113 0.0 0
113 1 90
113 1 91
114 0.0 0
114 1 91
114 1 91
115 0.0 0
115 1 91
115 1 93
116 0.0 0
116 1 93
116 1 97
117 0.0 0
117 1 98
117 1 99
118 0.0 0
118 1 99
118 1 100
119 0.0 0
119 1 100
119 1 101
120 0.0 0
120 1 102
120 1 105
121 0.0 0
121 1 105
121 1 105
122 0.0 0
122 1 105
122 1 105
123 0.0 0
123 1 105
123 1 104
124 0.0 0
124 1 103
124 1 103
125 0.0 0
125 1 102
125 1 101
126 0.0 0
126 1 101
126 1 99
127 0.0 0
127 1 98
127 1 98
128 0.0 0
128 1 98
128 1 97
129 0.0 0
129 1 97
129 1 97
130 0.0 0
130 1 95
130 1 95
131 0.0 0
131 1 95
131 1 95
132 0.0 0
132 1 95
132 1 95
133 0.0 0
133 1 95
133 1 95
134 0.0 0
134 1 95
134 1 95
135 0.0 0
135 1 95
135 1 95
136 0.0 0
136 1 95
136 1 96
137 0.0 0
137 1 96
137 1 96
138 0.0 0
138 1 96
138 1 97
139 0.0 0
139 1 97
139 1 98
140 0.0 0
140 1 98
140 1 98
141 0.0 0
141 1 99
141 1 99
142 0.0 0
142 1 99
142 1 99
143 0.0 0
143 1 99
143 1 99
144 0.0 0
144 1 99
144 1 99
145 0.0 0
145 1 99
145 1 99
146 0.0 0
146 1 99
146 1 99
147 0.0 0
147 1 99
147 1 98
148 0.0 0
148 1 97
148 1 97
149 0.0 0
149 1 97
149 1 97
150 0.0 0
150 1 96
150 1 95
151 0.0 0
151 1 95
151 1 95
152 0.0 0
152 1 95
152 1 95
153 0.0 0
153 1 95
153 1 95
154 0.0 0
154 1 95
154 1 95
155 0.0 0
155 1 95
155 1 96
156 0.0 0
156 1 96
156 1 96
157 0.0 0
157 1 96
157 1 96
158 0.0 0
158 1 96
158 1 96
159 0.0 0
159 1 96
159 1 97
160 0.0 0
160 1 97
160 1 97
161 0.0 0
161 1 97
161 1 97
162 0.0 0
162 1 97
162 1 97
163 0.0 0
163 1 97
163 1 96
164 0.0 0
164 1 96
164 1 96
165 0.0 0
165 1 96
165 1 96
166 0.0 0
166 1 96
166 1 96
167 0.0 0
167 1 96
167 1 96
168 0.0 0
168 1 96
168 1 96
169 0.0 0
169 1 96
169 1 95
170 0.0 0
170 1 95
170 1 95
171 0.0 0
171 1 95
171 1 95
172 0.0 0
172 1 95
172 1 95
173 0.0 0
173 1 95
173 1 95
174 0.0 0
174 1 95
174 1 95
175 0.0 0
175 1 95
175 1 95
176 0.0 0
176 1 95
176 1 96
177 0.0 0
177 1 96
177 1 96
178 0.0 0
178 1 96
178 1 96
179 0.0 0
179 1 96
179 1 96
180 0.0 0
180 1 96
180 1 96
181 0.0 0
181 1 96
181 1 96
182 0.0 0
182 1 96
182 1 96
183 0.0 0
183 1 96
183 1 96
184 0.0 0
184 1 96
184 1 96
185 0.0 0
185 1 96
185 1 96
186 0.0 0
186 1 96
186 1 96
187 0.0 0
187 1 96
187 1 96
188 0.0 0
188 1 96
188 1 96
189 0.0 0
189 1 96
189 1 96
190 0.0 0
190 1 96
190 1 96
191 0.0 0
191 1 96
191 1 96
192 0.0 0
192 1 96
192 1 96
193 0.0 0
193 1 96
193 1 96
194 0.0 0
194 1 96
194 1 96
195 0.0 0
195 1 96
195 1 96
196 0.0 0
196 1 96
196 1 96
197 0.0 0
197 1 96
197 1 95
198 0.0 0
198 1 95
198 1 94
199 0.0 0
199 1 94
199 1 94
