15253.4 
15237.9 
15222.3 
15206.7 
15191.1 
15175.5 
15160 
15144.4 
15128.8 
15113.2 
15097.6 
15082 
15066.5 
15050.9 
15035.3 
15019.7 
15004.1 
14988.6 
14973 
14957.4 
14941.8 
14926.2 
14910.6 
14895.1 
14879.5 
14863.9 
14848.3 
14832.7 
14817.1 
12552.8 
9153.43 
6963.86 
5779.37 
5018.78 
4486.76 
4108.19 
3831.98 
3637.32 
3505.59 
3417.72 
3362.34 
3324.44 
3294.65 
3269.62 
3247.66 
3227.74 
3209.18 
3191.54 
3174.54 
3157.97 
3141.71 
3125.65 
3108.81 
3057.65 
2979.35 
2887.55 
2797.26 
2715.17 
2646.04 
2588.38 
2539.75 
2498.63 
2464.38 
2436.25 
2413.96 
2396.18 
2381.92 
2369.93 
2359.38 
2349.63 
2340.37 
2331.52 
2323 
2314.54 
2305.9 
2296.84 
2287.83 
2278.65 
2270.2 
2262.63 
2255.99 
2250.16 
2245.02 
2240.53 
2236.63 
2233.3 
2230.5 
2228.04 
2225.86 
2223.89 
2222.05 
2220.32 
2218.68 
2217.12 
2215.64 
2214.21 
2212.84 
2211.55 
2210.31 
2209.17 
2208.16 
2207.27 
2206.5 
2205.83 
2205.25 
2204.75 
2204.3 
2203.92 
2203.58 
2203.26 
2202.96 
2202.68 
2202.4 
2202.14 
2201.88 
2201.63 
2201.39 
2201.16 
2200.94 
2200.75 
2200.57 
2200.42 
2200.29 
2200.18 
2200.09 
2200.01 
2199.95 
2199.9 
2199.86 
2199.82 
2199.78 
2199.74 
2199.69 
2199.65 
2199.61 
2199.56 
2199.51 
2199.46 
2199.42 
2199.38 
2199.34 
2199.31 
2199.28 
2199.26 
2199.24 
2199.23 
2199.22 
2199.21 
2199.21 
2199.21 
2199.21 
2199.2 
2199.2 
2199.19 
2199.18 
2199.17 
2199.16 
2199.15 
2199.14 
2199.13 
2199.11 
2199.1 
2199.1 
2199.09 
2199.08 
2199.08 
2199.08 
2199.08 
2199.08 
2199.08 
2199.08 
2199.08 
2199.08 
2199.08 
2199.08 
2199.08 
2199.07 
2199.07 
2199.06 
2199.06 
2199.06 
2199.05 
2199.05 
2199.04 
2199.04 
2199.04 
2199.04 
2199.04 
2199.04 
2199.04 
2199.03 
2199.03 
2199.03 
2199.03 
2199.03 
2199.03 
2199.03 
2199.03 
2199.03 
2199.02 
2199.02 
