0 0 0 
  0.00113951  6.61609e-16 -0.000692983 
 0.00227902  3.4209e-15 -0.00138597 
  0.00341852 -1.09897e-15  -0.00207895 
  0.00455803 -2.67526e-15  -0.00277193 
  0.00569754 -1.48335e-15  -0.00346491 
 0.00683705 5.29666e-16  -0.0041579 
 0.00797656 2.88432e-15 -0.00485088 
 0.00911607  3.6216e-15 -0.00554386 
  0.0102556  3.1403e-15 -0.00623684 
  0.0113951 2.32335e-15 -0.00692983 
  0.0125346 1.58326e-15 -0.00762281 
  0.0136741 2.03505e-16 -0.00831579 
  0.0148136  -9.362e-16 -0.00900877 
  0.0159531 -2.7607e-15 -0.00970176 
   0.0170926 -4.02985e-15   -0.0103947 
   0.0182321 -5.25385e-15   -0.0110877 
   0.0193716 -9.20417e-15   -0.0117807 
   0.0205111 -5.54157e-15   -0.0124737 
   0.0216507 -1.87848e-14   -0.0131667 
   0.0227902 -3.69062e-14   -0.0138597 
   0.0239297 -2.99734e-14   -0.0145526 
  0.0250692 -2.4509e-14  -0.0152456 
   0.0262087 -1.61324e-14   -0.0159386 
   0.0273482 -1.48806e-14   -0.0166316 
   0.0284877 -1.33206e-14   -0.0173246 
   0.0296272 -1.32157e-14   -0.0180175 
   0.0307667 -1.18184e-14   -0.0187105 
   0.0319062 -1.11222e-14   -0.0194035 
   -0.336702 -9.86604e-05   -0.0409033 
-0.307839 0.0107538  0.102231 
 -1.07465 0.0848585 -0.254089 
   -1.49207 -0.00444155   -0.405432 
 -1.49444 -0.134526 -0.590168 
   -1.665 -0.105074 -0.895512 
  -1.70674 0.00687417   -1.16744 
 -1.59307 0.0430987 -0.954748 
 -1.68505 0.0865948 -0.842326 
 -1.68436  0.178747 -0.844093 
 -1.79476   0.23305 -0.829285 
  -1.9492  0.250839 -0.864622 
 -2.15075  0.252889 -0.918902 
 -2.39375   0.25364 -0.990222 
-2.67659 0.253311 -1.07701 
-2.99975 0.252316 -1.17827 
-3.36421 0.251126 -1.29445 
-3.76988 0.250145 -1.42504 
-4.21644 0.249658  -1.5696 
-4.70369 0.249703 -1.72791 
-5.23147 0.250111 -1.89985 
-5.79955 0.250635 -2.08539 
-6.40775 0.251079 -2.28449 
 -7.0533 0.251356 -2.48935 
-7.49722 0.250361 -2.65309 
-7.64941  0.22193 -2.65774 
 -7.2658  0.14708 -2.55887 
 -6.60524 0.0517913  -2.26702 
  -5.48243 -0.0111081   -2.08964 
  -4.23702 -0.0597332   -1.71476 
 -2.94537 -0.120116  -1.36198 
 -1.78241 -0.190815  -1.06661 
-0.901925 -0.249139 -0.648217 
-0.169664 -0.296104 -0.347008 
 0.128985 -0.334924  -0.21363 
0.0805654 -0.328161 -0.169212 
 -0.14433 -0.295426   -0.2256 
-0.615164 -0.257787 -0.389309 
 -1.24459 -0.226789   -0.6783 
  -2.0429 -0.195213   -1.0004 
  -2.9378 -0.169614  -1.33506 
 -3.87201 -0.145458  -1.69187 
 -4.79848 -0.122819  -2.05601 
 -5.60522 -0.106802  -2.41138 
 -6.29708 -0.100551  -2.63191 
  -6.746 -0.11135 -2.78513 
-7.00687 -0.13298 -2.84192 
-6.98439 -0.16861 -2.75819 
 -6.52064 -0.215567  -2.58392 
 -5.78401 -0.256035  -2.26138 
 -4.89709 -0.292578  -1.91048 
 -3.9417 -0.32456 -1.53585 
 -3.03019 -0.347214  -1.15394 
  -2.2387 -0.356487 -0.799018 
 -1.65395 -0.354522 -0.532622 
 -1.35502  -0.33965 -0.390229 
 -1.34171 -0.308404  -0.30059 
 -1.45597 -0.262252 -0.306879 
 -1.75149 -0.212447 -0.401082 
 -2.19604 -0.162712 -0.536376 
 -2.75639   -0.1117 -0.723799 
 -3.39921 -0.058782 -0.951684 
   -4.06763 -0.00573702    -1.18641 
 -4.70818 0.0438289  -1.40486 
 -5.27678 0.0884161  -1.58197 
-5.72902 0.125511 -1.73494 
-6.03613 0.155186 -1.82671 
-6.20414  0.17631 -1.83584 
-6.23447 0.185414 -1.79114 
-6.05162 0.179859 -1.69267 
-5.68846 0.170017 -1.53924 
 -5.2226 0.154312 -1.33727 
-4.72414 0.134093 -1.12224 
-4.25316 0.111787 -0.91672 
 -3.86375 0.0893359 -0.738903 
 -3.59768 0.0685658 -0.612675 
 -3.46834 0.0559202 -0.512988 
 -3.47604 0.0525614 -0.460784 
 -3.60251 0.0567897 -0.446046 
 -3.81587 0.0629744 -0.475947 
 -4.11427 0.0714442 -0.550601 
 -4.47896 0.0819646 -0.652592 
 -4.88564 0.0928967 -0.769126 
  -5.3072  0.102871 -0.888035 
 -5.71173  0.110888 -0.998544 
  -6.077 0.116056 -1.08928 
-6.38647 0.117796 -1.14948 
-6.61781 0.115401 -1.17315 
-6.74344 0.107922 -1.15884 
 -6.75669 0.0959837   -1.1219 
-6.67162 0.081135 -1.05994 
 -6.51154 0.0639722 -0.980201 
 -6.29889 0.0458612 -0.882523 
 -6.06302  0.028374 -0.777595 
 -5.83457 0.0124774 -0.674581 
    -5.63922 -0.000415498    -0.582238 
   -5.49707 -0.00921199   -0.505129 
  -5.42036 -0.0134954  -0.441558 
  -5.41271 -0.0135564  -0.396989 
   -5.47732 -0.00962407   -0.375115 
   -5.60849 -0.00163617   -0.375933 
  -5.79603 0.00958487  -0.392928 
  -6.0281 0.0228508 -0.420225 
 -6.28207 0.0372995 -0.453154 
 -6.53754 0.0522483 -0.486374 
 -6.77505 0.0669972 -0.514863 
 -6.97774 0.0809831 -0.534376 
  -7.1329 0.0937713  -0.54176 
 -7.23183     0.105 -0.534361 
 -7.26864   0.11439 -0.509045 
 -7.24593  0.122046 -0.468031 
 -7.17077  0.127992 -0.414852 
 -7.05444  0.132644 -0.350414 
 -6.91077  0.136262 -0.278905 
 -6.75524  0.139144 -0.204784 
 -6.60331  0.141603 -0.131964 
  -6.46853   0.143892 -0.0638571 
    -6.3617    0.146207 -0.00311001 
 -6.29041  0.148687 0.0485207 
 -6.25984  0.151498 0.0900474 
-6.27002 0.154501 0.121609 
-6.31648 0.157531 0.144511 
-6.39309 0.160447 0.159944 
-6.49038  0.16309 0.170085 
-6.59798 0.165306 0.177261 
-6.70539 0.166944 0.183772 
-6.80278 0.167875 0.191708 
-6.88173 0.168033 0.203098 
-6.93582 0.167453 0.219832 
-6.96144 0.166156 0.242756 
-6.95772 0.164241 0.271988 
-6.92633 0.161851 0.307028 
 -6.8704 0.159253 0.346911 
-6.79551 0.156621  0.39021 
 -6.7086  0.15413 0.435209 
-6.61704 0.151964 0.480031 
-6.52789 0.150281 0.522971 
-6.44729  0.14921 0.562634 
 -6.3801 0.148841  0.59796 
-6.32956 0.149223 0.628319 
 -6.2972 0.150409 0.653569 
-6.28306 0.152442 0.674171 
-6.28528 0.155244 0.690673 
-6.30051 0.158693 0.703746 
-6.32459 0.162676 0.714323 
-6.35287 0.167072 0.723432 
-6.38066 0.171751 0.732086 
-6.40366  0.17659 0.741206 
-6.41825  0.18148 0.751449 
 -6.4217 0.186326 0.763068 
-6.41251  0.19104 0.776249 
-6.39033 0.195537 0.790996 
-6.35598 0.199759 0.807116 
-6.31118 0.203655 0.824256 
-6.25843 0.207187 0.841946 
-6.20064 0.210338 0.859651 
-6.14093 0.213096 0.876821 
-6.08227 0.215454 0.892946 
-6.02728 0.217411 0.907595 
-5.97802 0.218969 0.920446 
-5.93584 0.220132 0.931308 
-5.90136 0.220891 0.940122 
-5.87447 0.221281 0.946966 
-5.85437 0.221295 0.952026 
-5.83976 0.220937 0.955585 
-5.82896 0.220212 0.957991 
-5.82012 0.219125 0.959634 
-5.81143 0.217686 0.960933 
-5.80136 0.215906  0.96236 
-5.78879 0.213792 0.964441 
-5.77289 0.211419  0.96734 
-5.75304 0.208825 0.971086 
