0 0 0 
 -7.5097e-15     -127.113 -4.94242e-15 
 5.66428e-15     -254.226 -1.40819e-14 
1.18355e-14    -381.339 5.05836e-15 
-9.30515e-15     -508.452  -5.4285e-16 
-1.23973e-14     -635.565 -1.29931e-14 
-3.2463e-14    -762.678  7.1258e-15 
-1.21741e-14     -889.791  3.24413e-14 
1.84715e-15     -1016.9 4.28524e-14 
1.30915e-14    -1144.02 3.40695e-14 
1.82808e-14    -1271.13 1.21062e-14 
2.36947e-14    -1398.24 2.79524e-15 
  2.0477e-14     -1525.36 -6.27608e-15 
-8.52947e-16     -1652.47 -2.81257e-14 
 4.69083e-15     -1779.58 -4.32951e-14 
 1.20044e-14      -1906.7 -3.33573e-14 
-1.56589e-14     -2033.81 -2.71559e-14 
5.80606e-15    -2160.92 -2.8769e-14 
  7.0347e-15     -2288.04 -1.34182e-14 
1.26033e-14    -2415.15 2.60627e-14 
7.27612e-14    -2542.26 8.37263e-14 
6.21772e-14    -2669.37 5.97097e-14 
6.05938e-14    -2796.49 3.56314e-14 
7.17913e-14     -2923.6  2.4575e-14 
8.59682e-14    -3050.71 6.60222e-15 
8.75777e-14    -3177.83  1.5717e-14 
9.04533e-14    -3304.94 3.28737e-14 
7.63574e-14    -3432.05  5.1214e-14 
6.96671e-14    -3559.17 3.91512e-14 
7.98112e-14    -3192.08 2.07889e-14 
-0.720527  -2075.34  0.347047 
-0.920872  -923.147  0.654685 
-0.596732  -98.4544 -0.438084 
0.134601  424.942 -1.23545 
0.839741   757.43   -2.249 
 1.54873  962.542 -3.28765 
 1.77195  1059.49 -4.22493 
 1.95693  1061.65 -5.10447 
 2.16188  992.608 -5.75347 
   2.173  880.343 -6.21383 
 2.18828  753.207 -6.53532 
 2.18828  626.094 -6.53532 
 2.18828  498.981 -6.53532 
 2.18828  371.868 -6.53532 
 2.18828  244.755 -6.53532 
 2.18828  117.642 -6.53532 
 2.18828 -9.47129 -6.53532 
 2.18828 -136.584 -6.53532 
 2.18828 -263.697 -6.53532 
 2.18828  -390.81 -6.53532 
 2.18828 -517.924 -6.53532 
 2.18828 -645.037 -6.53532 
 2.18828  -771.35 -6.53532 
 2.16767 -853.598 -6.43572 
 2.23048 -859.176 -5.85321 
 1.84226  -781.89 -4.90052 
 1.29488 -633.446 -4.22031 
 0.86119 -436.361 -3.50591 
0.789876 -221.409 -3.03882 
 1.08868 -16.1114 -2.98205 
 1.61118  159.207 -3.32127 
 2.06941  293.121 -3.96045 
 2.48859  382.105 -4.69686 
 2.79638  425.834 -5.36514 
 3.00509  428.881 -6.05824 
 3.14078  398.044 -6.53091 
 3.23422  340.724 -6.85945 
 3.21735  264.268 -7.13933 
 3.19451  175.771 -7.28812 
 3.10592   81.191 -7.23348 
 2.95932 -14.1863  -7.0578 
 2.79329  -104.88 -6.77272 
 2.64464 -184.651 -6.34426 
 2.47043   -246.6 -5.82748 
 2.28632 -285.135 -5.24949 
 2.05054 -296.517 -4.79817 
 1.81936 -281.152 -4.51172 
 1.68337 -240.333 -4.30883 
 1.61853 -180.722 -4.29551 
 1.66881  -110.26 -4.46399 
 1.81407 -36.9958 -4.76684 
 1.99862  31.7326 -5.18162 
 2.18191  89.9383 -5.64532 
 2.33565   133.42 -6.12404 
 2.48155  160.095 -6.62977 
 2.56069  170.061 -7.13644 
 2.60273  165.102 -7.48037 
 2.59742  146.704 -7.63738 
 2.56851  117.788 -7.64429 
 2.48372  81.7645 -7.53445 
2.36486 41.9728 -7.3462 
 2.22204  1.71442 -7.08958 
 2.05474 -35.8454 -6.79133 
 1.86689 -67.8437 -6.49288 
 1.68848 -91.7453 -6.24254 
 1.53955 -105.979 -6.07419 
    1.42 -109.984 -6.02573 
 1.34262 -104.163 -6.10921 
 1.30966 -89.3969 -6.28461 
 1.33111 -67.7738 -6.49919 
 1.38131 -41.9783 -6.77356 
 1.46217 -14.8928 -7.08221 
 1.56261  10.8534 -7.41094 
 1.67185  33.0471 -7.74637 
 1.78804  50.1273 -8.09273 
 1.86045  61.1592 -8.43446 
 1.89633  65.8162 -8.74134 
 1.88155   64.456 -8.97626 
 1.83679  57.7549 -9.09889 
 1.77495  46.7024 -9.12794 
 1.70338  32.6068 -9.09045 
 1.62156  16.9164 -9.00541 
 1.53493   1.0924 -8.90026 
 1.44883 -13.5388 -8.79983 
 1.36842 -25.8352  -8.7266 
  1.2939 -34.9393 -8.70599 
 1.22902 -40.3186 -8.75085 
 1.17577 -41.7455 -8.84151 
 1.14469 -39.3541 -8.97114 
 1.13442 -33.7128 -9.13063 
 1.14257 -25.6042 -9.32004 
 1.16015 -15.9425 -9.52924 
 1.17921 -5.74277 -9.74261 
 1.19543  4.01856 -9.95065 
 1.20469  12.5153 -10.1459 
 1.20408  19.1261 -10.3219 
 1.18548  23.4556 -10.4749 
 1.15019  25.3476 -10.5972 
1.10295 24.8636 -10.691 
  1.0511  22.2621 -10.7587 
0.995821  17.9583 -10.8006 
0.937116  12.4894 -10.8269 
0.876309  6.41548 -10.8419 
0.815649  0.31251 -10.8501 
0.756987 -5.28899 -10.8563 
 0.70166  -9.9469 -10.8648 
 0.65055 -13.3388 -10.8795 
0.604016 -15.2762 -10.9029 
0.559872 -15.7058 -10.9337 
0.516077 -14.7201 -10.9703 
0.473754 -12.5256 -11.0103 
0.430816 -9.41862 -11.0515 
 0.38497 -5.75304 -11.0907 
0.335876 -1.90205 -11.1242 
0.283051  1.77752 -11.1505 
0.226503  4.97698 -11.1682 
0.166713   7.4584 -11.1769 
0.104636  9.07008 -11.1769 
0.041944  9.75564  -11.171 
-0.0202568    9.53953   -11.1623 
-0.0815367    8.52068   -11.1516 
-0.140988   6.86137  -11.1406 
-0.197807   4.75887  -11.1299 
-0.251817   2.43428  -11.1198 
-0.302998  0.108966  -11.1105 
-0.35153 -2.01515 -11.1019 
-0.397824  -3.77047  -11.0938 
-0.443058  -5.03525  -11.0856 
-0.488251  -5.74264  -11.0762 
-0.53418 -5.88042 -11.0653 
-0.581388  -5.48707  -11.0523 
-0.630375  -4.64195  -11.0363 
-0.681131  -3.45922  -11.0166 
-0.733166  -2.07279  -10.9934 
-0.785683 -0.621898  -10.9672 
-0.837659  0.760542  -10.9385 
-0.888213   1.95917  -10.9079 
-0.936448   2.88509  -10.8758 
-0.981605   3.48121  -10.8427 
-1.02311  3.72463 -10.8088 
-1.06065  3.62637 -10.7748 
 -1.0947  3.22454 -10.7408 
-1.12561  2.57969 -10.7067 
-1.15397  1.76871 -10.6722 
-1.18042 0.876269 -10.6369 
  -1.20567 -0.0133425   -10.6007 
 -1.23041 -0.823498  -10.5632 
-1.25522 -1.49094 -10.5245 
-1.28034 -1.96985 -10.4845 
 -1.3058 -2.23551 -10.4431 
-1.33153  -2.2841 -10.4007 
-1.35732 -2.13107 -10.3576 
-1.38289 -1.80818 -10.3141 
-1.40785 -1.35918 -10.2705 
 -1.43184 -0.835054  -10.2269 
 -1.45449 -0.288826  -10.1834 
 -1.4755 0.229213 -10.1401 
-1.49464 0.675701 -10.0966 
 -1.5118  1.01739 -10.0529 
-1.52695  1.23319 -10.0084 
-1.54018  1.31489  -9.9629 
-1.55161  1.26682 -9.91617 
-1.56146  1.10428 -9.86796 
-1.56998 0.851235  -9.8182 
-1.57747 0.537541 -9.76697 
-1.58422 0.195794 -9.71454 
  -1.5905 -0.141656  -9.66136 
-1.59667 -0.44523  -9.6081 
 -1.60322 -0.690367  -9.55575 
 -1.61034 -0.860971  -9.50552 
 -1.61806 -0.949739  -9.45804 
